0 200.0
1 187.30031729468521
2 174.83309072415327
3 162.80121497212707
4 151.36049311356743
5 140.61300884366716
6 130.61075035607726
7 121.36505048190966
8 112.85778102620031
9 105.05169500245907
10 97.89872980508966
11 91.3460433966838
12 85.3400506760961
13 79.82890178884203
14 74.76384386690215
15 70.0998336879243
16 65.79567769784711
17 61.813893687211504
18 58.12042366837955
19 54.684280351210916
20 51.47717707267741
21 48.47316948297288
22 45.648323518266196
23 42.98041569842215
24 40.44866676387988
25 38.033506853732305
26 35.716368984814395
27 33.4795069684097
28 31.30583374405589
29 29.178776196973715
30 27.08214272000819
31 25.0
