 0 25.0 
1 25.0 
2 25.0 
3 25.0 
4 25.0 
5 25.0 
6 25.0 
7 25.0 
8 25.0 
9 25.0 
10 25.0 
11 25.0 
12 25.0 
13 25.0 
14 25.0 
15 25.0 
16 25.0 
17 25.0 
18 25.0 
19 25.0 
20 25.0 
21 25.0 
22 25.0 
23 25.0 
24 25.0 
25 25.0 
26 25.0 
27 25.0 
28 25.0 
29 25.0 
30 25.0 
31 25.0 

0 25.0 
1 25.0 
2 25.0 
3 25.0 
4 25.0 
5 25.0 
6 25.0 
7 25.0 
8 25.0 
9 25.0 
10 25.0 
11 25.0 
12 25.0 
13 25.0 
14 25.0 
15 25.0 
16 25.0 
17 25.0 
18 25.0 
19 25.0 
20 25.0 
21 25.0 
22 25.0 
23 25.0 
24 25.0 
25 25.0 
26 25.0 
27 25.0 
28 25.0 
29 25.0 
30 25.0 
31 25.0 

0 25.0 
1 28.575288558723322 
2 32.073814906177304 
3 35.35219343841018 
4 38.306805161732605 
5 40.87927262321467 
6 43.05220025114726 
7 44.83958667355641 
8 46.27590472512679 
9 47.406361671987014 
10 48.27941570211814 
11 48.9416577437687 
12 49.43467227272983 
13 49.7933222557498 
14 50.04491584504723 
15 50.20880573388393 
16 50.296091717017966 
17 50.3092199413458 
18 50.241392975675424 
19 50.07582510326898 
20 49.78500064001224 
21 49.33022113846575 
22 48.66185674539679 
23 47.72083534847451 
24 46.44198140956206 
25 44.75979693210344 
26 42.617060906237185 
27 39.976070694734375 
28 36.831323834625024 
29 33.22095470303654 
30 29.232730391508454 
31 25.0 

0 25.0 
1 31.24062173492942 
2 37.318709299557725 
3 43.05763746431184 
4 48.325790344603845 
5 53.04266961504466 
6 57.17480170195978 
7 60.725876766122965 
8 63.725174501637085 
9 66.21687222953017 
10 68.25140871102782 
11 69.87911677552667 
12 71.14584322520273 
13 72.09010242523524 
14 72.7413153111537 
15 73.11876769947112 
16 73.23102503446076 
17 73.07564053774004 
18 72.63908373297636 
19 71.8968991418452 
20 70.81418686692015 
21 69.34658415421822 
22 67.44202275372035 
23 65.04363493744555 
24 62.09425737085939 
25 58.54298146501898 
26 54.35402136650028 
27 49.51767166480923 
28 44.06216350163722 
29 38.063804298906625 
30 31.651327126183467 
31 25.0 

0 25.0 
1 32.55638529750629 
2 39.91772500368983 
3 46.89518598902532 
4 53.34574793759717 
5 59.17842304631291 
6 64.35023308715441 
7 68.85637838979935 
8 72.71865897808405 
9 75.97475139010058 
10 78.66952463835548 
11 80.84861938642032 
12 82.55401963003017 
13 83.82117288048381 
14 84.67721797278938 
15 85.13995882595131 
16 85.21732230765039 
17 84.90713462121478 
18 84.1971372662827 
19 83.0652435988466 
20 81.48011688813922 
21 79.40223710262539 
22 76.78571945390061 
23 73.58124695293411 
24 69.74055775985924 
25 65.2229305332594 
26 60.003937031575475 
27 54.0862358582306 
28 47.51122142518982 
29 40.36892186725639 
30 32.802082851191884 
31 25.0 

0 25.0 
1 33.25652013694831 
2 41.30233287935502 
3 48.94213813636417 
4 56.02673247601701 
5 62.45927989840668 
6 68.1913353974905 
7 73.21305584949162 
8 77.54165866512258 
9 81.21073210186735 
10 84.26158114478646 
11 86.73683348457861 
12 88.67603524891774 
13 90.11279269391228 
14 91.07301897074673 
15 91.57392403743721 
16 91.62348535409205 
17 91.22023303153935 
18 90.3532695517108 
19 89.00252403956792 
20 87.13932091397332 
21 84.72742915319805 
22 81.7248543787504 
23 78.08673544803841 
24 73.76978610799523 
25 68.73872507261984 
26 62.97496434452521 
27 56.48733064549673 
28 49.32363537708187 
29 41.58048850386865 
30 33.4072951980816 
31 25.0 

0 25.0 
1 33.6690189041812 
2 42.1185481051899 
3 50.14937504486225 
4 57.60854500444175 
5 64.3956649571898 
6 70.45895841807629 
7 75.78550562873309 
8 80.38972932573131 
9 84.30272980574094 
10 87.56365301543727 
11 90.21331601233615 
12 92.28981926515814 
13 93.82570180712433 
14 94.84619815888544 
15 95.3682348914155 
16 95.39990427271354 
17 94.9402484873948 
18 93.97927439123265 
19 92.49819866055002 
20 90.47000309287849 
21 87.86046628450352 
22 84.62993395002533 
23 80.73618971572037 
24 76.13886716519684 
25 70.80584681339242 
26 64.72190822653278 
27 57.899412628706784 
28 50.389831959760016 
29 42.293520375445716 
30 33.76366766527058 
31 25.0 

0 25.0 
1 33.928462096981235 
2 42.632109850438326 
3 50.90922518440776 
4 58.60444950402497 
5 65.61510989531563 
6 71.88729506729943 
7 77.40611520186496 
8 82.18420579304464 
9 86.2510790299622 
10 89.64450630028591 
11 92.40415601899348 
12 94.56721612104418 
13 96.16555711475523 
14 97.22399451169387 
15 97.75928842079294 
16 97.77961768887917 
17 97.28436203875943 
18 96.26411215536949 
19 94.70090759714147 
20 92.56878233713185 
21 89.83478424004495 
22 86.46073085405334 
23 82.40606349631948 
24 77.63224059041303 
25 72.1091141422936 
26 65.82355981145868 
27 58.790136181833546 
28 51.06258948177141 
29 42.74360004466897 
30 33.98871029675266 
31 25.0 

0 25.0 
1 34.08992916291092 
2 42.951826564034356 
3 51.3823986579602 
4 59.22477433204618 
5 66.37484558566327 
6 72.77735710052161 
7 78.41617874570441 
8 83.30282098463333 
9 87.46579663221122 
10 90.94201244232944 
11 93.77041464432824 
12 95.98761769228412 
13 97.6250720617713 
14 98.70732986137818 
15 99.25104601276877 
16 99.26445236307627 
17 98.74713817866234 
18 97.69005698553428 
19 96.07575966567288 
20 93.87893366339121 
21 91.06741467483175 
22 87.60393328349754 
23 83.44895862106728 
24 78.56508012741385 
25 72.92337142633063 
26 66.51200691595784 
27 59.34690683162643 
28 51.48322719234431 
29 43.02509109078713 
30 34.1295012858565 
31 25.0 

0 25.0 
1 34.197912916194454 
2 43.1656918253244 
3 51.6989834406897 
4 59.6398985882808 
5 66.88336278512728 
6 73.37321511732821 
7 79.09248937480453 
8 84.05193732985188 
9 88.27939753475411 
10 91.81119305351237 
11 94.685782189657 
12 96.93939142651836 
13 98.6031863767866 
14 99.70153948099554 
15 100.251032191652 
16 100.25992900062468 
17 99.72795676375446 
18 98.64630930410388 
19 96.9978772303829 
20 94.75778286294812 
21 91.89438668943993 
22 88.37102787213979 
23 84.14886095511837 
24 79.19122992281542 
25 73.47002371231476 
26 66.97428387111815 
27 59.72084021690799 
28 51.76579101407466 
29 43.21422423394668 
30 34.22411996708263 
31 25.0 

0 25.0 
1 34.26824569966322 
2 43.30501241914095 
3 51.905254289753145 
4 59.91041640978253 
5 67.21479195160066 
6 73.76162717796956 
7 79.53340826628474 
8 84.54038977424776 
9 88.8099680738153 
10 92.37808312569811 
11 95.28287261963538 
12 97.56030766647939 
13 99.24136581528502 
14 100.35030011835266 
15 100.9036419713926 
16 100.90967508411282 
17 100.36821404016416 
18 99.27060744007699 
19 97.5999655830758 
20 95.33169260645523 
21 92.43448953753547 
22 88.87209081954877 
23 84.60609650468888 
24 79.60034131652186 
25 73.8272447394153 
26 67.27641288639707 
27 59.96526806508548 
28 51.950522622447565 
29 43.33789370338572 
30 34.28599906088535 
31 25.0 

